potential	Cu_loading	FE(glycerol)	FE(n-proponal)	FE(ethanol)	FE(acetate)	FE(acetone)	FE(formate)	j(total)	ECSA	C_support	V_micro	V_meso	pore_area
-1	0.2	58.95348	0.8092	2.99785	3.53286	2.75771	8.03512	-2.85735	1288.3	micro	0.59	0.26	1511
-0.9	0.2	63.02599	0	1.74447	3.47984	2.10915	7.78428	-1.51741	1288.3	micro	0.59	0.26	1511
-0.8	0.2	60.0213	0	1.18207	4.48202	0	4.1405	-0.91597	1288.3	micro	0.59	0.26	1511
-0.7	0.2	61.00858	0	0.74646	2.69495	0	0	-0.57844	1288.3	micro	0.59	0.26	1511
-0.6	0.2	58.48887	0	0.63929	2.48488	0	0	-0.35026	1288.3	micro	0.59	0.26	1511
-0.5	0.2	51.02474	0	1.40101	2.1111	0	0	-0.1823	1288.3	micro	0.59	0.26	1511
-0.4	0.2	48.19017	0	0.55532	3.07764	0	0	-0.09028	1288.3	micro	0.59	0.26	1511
-0.3	0.2	43.19017	0	0	2.22307	0	0	-0.03896	1288.3	micro	0.59	0.26	1511
-1	0.4	58.90907	3.43147	4.39143	5.54327	2.701	10.95983	-3.78874	1826.7	micro	0.59	0.26	1511
-0.9	0.4	71.3032	2.63937	2.7326	6.26913	1.70043	9.29467	-2.20488	1826.7	micro	0.59	0.26	1511
-0.8	0.4	79.90277	2.64247	2.80303	3.9113	0	6.3856	-1.35608	1826.7	micro	0.59	0.26	1511
-0.7	0.4	90.29837	2.62373	1.20943	2.5177	0	0	-0.95746	1826.7	micro	0.59	0.26	1511
-0.6	0.4	89.86713	1.3416	0.35097	2.68247	0	0	-0.71713	1826.7	micro	0.59	0.26	1511
-0.5	0.4	78.49127	1.47783	1.2586	2.31907	0	0	-0.59998	1826.7	micro	0.59	0.26	1511
-0.4	0.4	64.43373	0.42823	1.41087	4.2555	0	0	-0.35034	1826.7	micro	0.59	0.26	1511
-0.3	0.4	40.8501	0	1.13173	3.59117	0	0	-0.26249	1826.7	micro	0.59	0.26	1511
-1	0.8	52.29622	3.5512	6.07881	5.93649	2.30375	18.69201	-5.58525	1975	micro	0.59	0.26	1511
-0.9	0.8	60.35554	3.27614	5.86685	4.93649	2.45267	15.23921	-3.4886	1975	micro	0.59	0.26	1511
-0.8	0.8	72.44322	2.68691	3.62538	3.93649	0	9.53867	-2.29468	1975	micro	0.59	0.26	1511
-0.7	0.8	80.52264	2.20946	2.99521	2.78341	0	4.02892	-1.47286	1975	micro	0.59	0.26	1511
-0.6	0.8	70.05808	1.87269	3.29252	4.52269	0	0	-0.97138	1975	micro	0.59	0.26	1511
-0.5	0.8	61.73686	1.35026	2.44806	3.36075	0	0	-0.67589	1975	micro	0.59	0.26	1511
-0.4	0.8	48.87995	0	1.49898	4.08102	0	0	-0.46721	1975	micro	0.59	0.26	1511
-0.3	0.8	27.39241	0	1.1073	4.54196	0	0	-0.24929	1975	micro	0.59	0.26	1511
-1	1.6	39.07484	4.22189	8.02725	7.91187	2.50656	20.00888	-8.69806	2121.7	micro	0.59	0.26	1511
-0.9	1.6	44.79062	4.40022	7.30623	7.75388	1.01823	18.28292	-6.22531	2121.7	micro	0.59	0.26	1511
-0.8	1.6	52.95093	3.81557	8.4722	6.51178	1.50656	13.69175	-3.94724	2121.7	micro	0.59	0.26	1511
-0.7	1.6	55.70645	3.33604	6.58177	4.53323	0	10.2765	-2.64681	2121.7	micro	0.59	0.26	1511
-0.6	1.6	60.60404	2.54059	7.48913	5.84677	0	0	-1.78081	2121.7	micro	0.59	0.26	1511
-0.5	1.6	56.36911	2.14567	4.40667	5.66815	0	0	-1.07859	2121.7	micro	0.59	0.26	1511
-0.4	1.6	39.0842	0	3.13176	3.99897	0	0	-0.70417	2121.7	micro	0.59	0.26	1511
-0.3	1.6	17.65026	0	2.96059	2.37658	0	0	-0.39365	2121.7	micro	0.59	0.26	1511
-1	3.2	28.16662	6.43243	16.4118	7.10883	0.97205	22.64039	-12.66761	1858	micro	0.59	0.26	1511
-0.9	3.2	30.92002	6.31199	13.16399	2.05751	1.95599	19.20837	-9.35525	1858	micro	0.59	0.26	1511
-0.8	3.2	33.32399	4.01323	14.66212	5.00575	1.03681	16.65317	-6.92795	1858	micro	0.59	0.26	1511
-0.7	3.2	35.62818	3.61156	13.69923	4.68359	0	13.31281	-5.03624	1858	micro	0.59	0.26	1511
-0.6	3.2	38.34974	3.06283	10.56319	4.77294	0	10.97085	-2.7641	1858	micro	0.59	0.26	1511
-0.5	3.2	37.36999	1.33169	6.30442	3.92694	0	0	-1.87283	1858	micro	0.59	0.26	1511
-0.4	3.2	25.62287	0	3.86206	1.04169	0	0	-1.17412	1858	micro	0.59	0.26	1511
-0.3	3.2	11.16534	0	1.32166	0	0	0	-0.64482	1858	micro	0.59	0.26	1511
-1	6.4	16.00541	7.96002	16.23279	8.05405	1.38268	23.81987	-17.47118	1851	micro	0.59	0.26	1511
-0.9	6.4	17.21918	8.16686	15.86819	5.97924	0.90776	20.44689	-13.23038	1851	micro	0.59	0.26	1511
-0.8	6.4	20.25862	7.27454	14.55798	4.77363	0.50776	17.54585	-9.46277	1851	micro	0.59	0.26	1511
-0.7	6.4	23.21228	6.74716	14.7254	4.97619	0	13.40953	-5.71537	1851	micro	0.59	0.26	1511
-0.6	6.4	20.31668	3.52979	12.43765	3.66595	0	10.98538	-3.5999	1851	micro	0.59	0.26	1511
-0.5	6.4	14.7046	0	8.72059	2.37222	0	0	-2.01577	1851	micro	0.59	0.26	1511
-0.4	6.4	13.1683	0	4.18701	1.61915	0	0	-1.20597	1851	micro	0.59	0.26	1511
-0.3	6.4	3.62758	0	1.41332	1.09276	0	0	-0.67624	1851	micro	0.59	0.26	1511
-1	20	4.48115	8.32724	25.9379	6.23231	0.50926	26.35765	-14.07527	1488.3	micro	0.59	0.26	1511
-0.9	20	6.89482	7.32724	21.84672	7.09578	0.81946	24.32867	-10.70374	1488.3	micro	0.59	0.26	1511
-0.8	20	7.10708	5.82803	16.36308	6.27875	1.70519	22.69402	-7.56418	1488.3	micro	0.59	0.26	1511
-0.7	20	9.82885	6.46387	10.38931	4.14779	0	19.54763	-4.77993	1488.3	micro	0.59	0.26	1511
-0.6	20	8.59839	1.50859	6.72704	2.83508	0	18.83862	-2.87489	1488.3	micro	0.59	0.26	1511
-0.5	20	6.6425	0	3.33883	3.98048	0	7.45921	-1.72565	1488.3	micro	0.59	0.26	1511
-0.4	20	4.73453	0	1.62926	3.32724	0	0	-1.0126	1488.3	micro	0.59	0.26	1511
-0.3	20	0	0	0	0	0	0	-0.58123	1488.3	micro	0.59	0.26	1511
-1	0.4	0	4.5458	23.07913	22.28523	2.37493	16.43277	-5.642500389	823.3	meso	0.08	1.02	875
-0.9	0.4	0	2.59483	41.69017	19.11693	2.42217	12.9244	-2.920832417	823.3	meso	0.08	1.02	875
-0.8	0.4	0	2.64863	61.94543	14.40033	2.08983	9.30783	-1.646239279	823.3	meso	0.08	1.02	875
-0.7	0.4	0	1.51607	68.4486	12.09623	0	4.118	-0.974658357	823.3	meso	0.08	1.02	875
-0.6	0.4	0	0.6748	72.8859	9.05577	0	0	-0.641838819	823.3	meso	0.08	1.02	875
-0.5	0.4	0	0	48.49133	3.44447	0	0	-0.503492068	823.3	meso	0.08	1.02	875
-0.4	0.4	0	0	25.42293	2.90723	0	0	-0.394132384	823.3	meso	0.08	1.02	875
-0.3	0.4	0	0	5.42003	1.639	0	0	-0.169187255	823.3	meso	0.08	1.02	875
-1	1.6	0	5.3244	40.99106	10.30331	4.44917	25.32848	-8.685064499	1475	meso	0.08	1.02	875
-0.9	1.6	0	4.54324	52.57658	7.01903	6.61297	19.62374	-5.352440193	1475	meso	0.08	1.02	875
-0.8	1.6	0	3.57487	65.90821	9.26879	2.13402	14.50379	-3.147604828	1475	meso	0.08	1.02	875
-0.7	1.6	0	1.69873	73.63206	6.18326	0	5.93985	-1.733049435	1475	meso	0.08	1.02	875
-0.6	1.6	0	1.6664	63.99974	6.88448	0	1.12587	-0.986519633	1475	meso	0.08	1.02	875
-0.5	1.6	0	0	55.40922	3.41482	0	0	-0.610764779	1475	meso	0.08	1.02	875
-0.4	1.6	0	0	43.09496	1.89281	0	0	-0.368233315	1475	meso	0.08	1.02	875
-0.3	1.6	0	0	15.35439	0	0	0	-0.254129275	1475	meso	0.08	1.02	875
-1	6.4	0	6.3244	35.99106	3.50331	2.194389445	24.32848	-15.73957533	1480	meso	0.08	1.02	875
-0.9	6.4	0	4.54324	32.57658	2.01903	1.329484613	20.62374	-11.71445867	1480	meso	0.08	1.02	875
-0.8	6.4	0	2.57487	28.90821	3.26879	0	17.50379	-8.445420868	1480	meso	0.08	1.02	875
-0.7	6.4	0	2.03849	25.63206	3.18326	0	10.93985	-5.818104358	1480	meso	0.08	1.02	875
-0.6	6.4	0	0	26.99974	1.88448	0	9.12587	-3.681331746	1480	meso	0.08	1.02	875
-0.5	6.4	0	0	22.40922	2.41482	0	3.12985	-2.503835475	1480	meso	0.08	1.02	875
-0.4	6.4	0	0	8.09496	0	0	0	-1.884876516	1480	meso	0.08	1.02	875
-0.3	6.4	0	0	2.63945	0	0	0	-1.080907007	1480	meso	0.08	1.02	875
-1	0.4	35.1504	3.99103	8.84653	9.96977	4.88247	15.75387	-5.930008715	1440	mix	0.34	0.56	1175
-0.9	0.4	33.66223	3.2432	13.30087	7.01897	2.61293	9.60287	-3.547587489	1440	mix	0.34	0.56	1175
-0.8	0.4	35.32903	2.37483	22.36027	5.60207	1.54913	5.51923	-2.017462222	1440	mix	0.34	0.56	1175
-0.7	0.4	41.6122	2.63197	25.72793	3.51653	0	2.15097	-1.314680194	1440	mix	0.34	0.56	1175
-0.6	0.4	33.71393	1.65817	35.59117	2.21777	0	0	-0.839983625	1440	mix	0.34	0.56	1175
-0.5	0.4	22.57847	0.7425	22.07843	2.08147	0	0	-0.516341062	1440	mix	0.34	0.56	1175
-0.4	0.4	5.09123	0	11.45193	3.19279	0	0	-0.217692564	1440	mix	0.34	0.56	1175
-0.3	0.4	0	0	3.5535	1.52833	0	0	-0.086956522	1440	mix	0.34	0.56	1175
-1	1.6	20.35965	4.45786	14.59569	10.39495	4.8825	20.62655	-8.611720309	1721.7	mix	0.34	0.56	1175
-0.9	1.6	26.90704	3.94875	19.49859	6.58584	3.61297	17.2947	-5.006772285	1721.7	mix	0.34	0.56	1175
-0.8	1.6	30.32911	3.37487	26.49585	6.58569	2.54917	11.71899	-2.772056756	1721.7	mix	0.34	0.56	1175
-0.7	1.6	37.61226	2.63206	35.5966	4.5987	0	5.38566	-1.535230893	1721.7	mix	0.34	0.56	1175
-0.6	1.6	38.71399	0.65843	32.4986	2.18584	0	2.39485	-0.881237961	1721.7	mix	0.34	0.56	1175
-0.5	1.6	23.57852	0	20.69687	3.59697	0	0	-0.47499936	1721.7	mix	0.34	0.56	1175
-0.4	1.6	10.24519	0	9.49587	2.49597	0	0	-0.199455132	1721.7	mix	0.34	0.56	1175
-0.3	1.6	2.49846	0	1.45896	0	0	0	-0.08156495	1721.7	mix	0.34	0.56	1175
-1	6.4	5.35965	3.99106	28.84659	4.96998	4.8825	30.62655	-17.39033972	1566.7	mix	0.34	0.56	1175
-0.9	6.4	11.90704	4.24324	26.30093	3.01903	2.61297	24.2947	-10.89550826	1566.7	mix	0.34	0.56	1175
-0.8	6.4	16.32911	3.37487	23.36032	4.60212	0	17.71899	-6.496957233	1566.7	mix	0.34	0.56	1175
-0.7	6.4	17.61226	2.63206	19.728	3.81659	0	9.38566	-3.683698297	1566.7	mix	0.34	0.56	1175
-0.6	6.4	14.71399	1.65843	14.59121	2.91781	0	3.39485	-2.124498242	1566.7	mix	0.34	0.56	1175
-0.5	6.4	9.57852	0	9.07849	2.08148	0	1.94378	-1.32213617	1566.7	mix	0.34	0.56	1175
-0.4	6.4	6.24519	0	3.45204	1.19281	0	0	-0.65120914	1566.7	mix	0.34	0.56	1175
-0.3	6.4	2.39495	0	1.27374	0	0	0	-0.190776768	1566.7	mix	0.34	0.56	1175
